0.000000000000000000e+00
0.000000000000000000e+00
9.333000183105468750e-01
8.399699926376342773e-01
1.679939985275268555e+00
1.493280053138732910e+00
2.239919900894165039e+00
1.959929943084716797e+00
2.613240003585815430e+00
2.239919900894165039e+00
2.799900054931640625e+00
2.333250045776367188e+00
2.799900054931640625e+00
2.239919900894165039e+00
2.613240003585815430e+00
1.959929943084716797e+00
2.239919900894165039e+00
1.493280053138732910e+00
1.679939985275268555e+00
8.399699926376342773e-01
9.333000183105468750e-01
0.000000000000000000e+00
